+---------------------------------------------------------------------------------------------------------------------------------------------------------------------------------------------------------------------------+
; Legal Partition Candidates                                                                                                                                                                                                ;
+----------------------+-------+----------------+--------------+----------------+--------+-----------------+---------------+-----------------+-------+----------------+--------------+------------------+-------------------+
; Hierarchy            ; Input ; Constant Input ; Unused Input ; Floating Input ; Output ; Constant Output ; Unused Output ; Floating Output ; Bidir ; Constant Bidir ; Unused Bidir ; Input only Bidir ; Output only Bidir ;
+----------------------+-------+----------------+--------------+----------------+--------+-----------------+---------------+-----------------+-------+----------------+--------------+------------------+-------------------+
; alu_inst|dadd_op     ; 33    ; 32             ; 0            ; 32             ; 48     ; 32              ; 32            ; 32              ; 0     ; 0              ; 0            ; 0                ; 0                 ;
; alu_inst|subc_op     ; 33    ; 32             ; 0            ; 32             ; 48     ; 32              ; 32            ; 32              ; 0     ; 0              ; 0            ; 0                ; 0                 ;
; alu_inst|addc_op     ; 33    ; 32             ; 0            ; 32             ; 48     ; 32              ; 32            ; 32              ; 0     ; 0              ; 0            ; 0                ; 0                 ;
; alu_inst|sub_op      ; 32    ; 32             ; 0            ; 32             ; 48     ; 32              ; 32            ; 32              ; 0     ; 0              ; 0            ; 0                ; 0                 ;
; alu_inst|add_op      ; 32    ; 32             ; 0            ; 32             ; 48     ; 32              ; 32            ; 32              ; 0     ; 0              ; 0            ; 0                ; 0                 ;
; alu_inst|bis_op      ; 32    ; 32             ; 0            ; 32             ; 48     ; 32              ; 32            ; 32              ; 0     ; 0              ; 0            ; 0                ; 0                 ;
; alu_inst|bic_op      ; 32    ; 32             ; 0            ; 32             ; 48     ; 32              ; 32            ; 32              ; 0     ; 0              ; 0            ; 0                ; 0                 ;
; alu_inst|bit_op      ; 32    ; 32             ; 0            ; 32             ; 48     ; 32              ; 32            ; 32              ; 0     ; 0              ; 0            ; 0                ; 0                 ;
; alu_inst|xor_op      ; 32    ; 32             ; 0            ; 32             ; 48     ; 32              ; 32            ; 32              ; 0     ; 0              ; 0            ; 0                ; 0                 ;
; alu_inst|or_op       ; 32    ; 32             ; 0            ; 32             ; 48     ; 32              ; 32            ; 32              ; 0     ; 0              ; 0            ; 0                ; 0                 ;
; alu_inst|and_op      ; 32    ; 32             ; 0            ; 32             ; 48     ; 32              ; 32            ; 32              ; 0     ; 0              ; 0            ; 0                ; 0                 ;
; alu_inst             ; 74    ; 0              ; 30           ; 0              ; 48     ; 0               ; 0             ; 0               ; 0     ; 0              ; 0            ; 0                ; 0                 ;
; regnum_inst          ; 267   ; 0              ; 4            ; 0              ; 32     ; 0               ; 0             ; 0               ; 0     ; 0              ; 0            ; 0                ; 0                 ;
; controller|stall_out ; 202   ; 817            ; 0            ; 817            ; 623    ; 817             ; 817           ; 817             ; 0     ; 0              ; 0            ; 0                ; 0                 ;
; controller           ; 17    ; 0              ; 0            ; 0              ; 8      ; 0               ; 0             ; 0               ; 0     ; 0              ; 0            ; 0                ; 0                 ;
; pipeline             ; 202   ; 495            ; 23           ; 495            ; 623    ; 495             ; 495           ; 495             ; 0     ; 0              ; 0            ; 0                ; 0                 ;
; decode               ; 16    ; 18             ; 0            ; 18             ; 108    ; 18              ; 18            ; 18              ; 0     ; 0              ; 0            ; 0                ; 0                 ;
+----------------------+-------+----------------+--------------+----------------+--------+-----------------+---------------+-----------------+-------+----------------+--------------+------------------+-------------------+
